20
61
69
87
123
230
240
341
360
405
412
414
423
571
596
599
736
811
816
842
867
1026
1084
1114
1142
1211
1318
1360
1424
1685
1784
1839
1840
1841
1842
1926
1941
1967
1995
2089
2141
2182
2425
2428
2475
2491
2578
2734
2745
2839
2845
2860
2981
3011
3114
3186
3537
3540
3547
3550
3578
3603
3605
3616
3619
3632
3693
3720
3722
3733
3777
3791
3793
3826
3844
3876
3892
3928
4009
4010
4020
4041
4270
4281
4303
4316
4396
4416
4425
4437
4507
4518
4571
4587
4610
4619
4622
4636
4651
4654
4715
4720
4768
4785
4868
4879
4907
4918
4921
4932
5008
5031
5045
5049
5114
5115
5126
5179
5226
5262
5264
5286
5297
5298
5357
5375
5379
5486
5490
5569
5597
5611
6022
6087
6187
6267
6336
6353
6363
6406
6413
6418
6419
6595
6648
6651
6687
6767
6768
6769
6770
6771
6772
6773
6794
6805
6848
6852
7011
7094
7104
7115
7134
7164
7178
7179
7185
7188
7206
7220
7237
7373
7405
7419
7490
7601
7608
7613
7634
7666
7753
7777
7783
7804
7867
7951
7991
7993
8001
8049
8087
8140
8375
8377
8582
8664
8767
8829
8854
8857
8863
8871
8874
8876
8879
8886
8936
8956
9015
9122
9128
9192
9211
9336
9340
9384
9391
9436
9653
9673
9756
9777
9805
9999
10045
10086
10136
10160
10162
10179
10217
10240
10249
10267
10276
10287
10315
10434
10449
10464
10568
10628
10642
10659
10685
10686
10691
10704
10799
11031
11078
11113
11242
11304
11308
11313
11404
11473
11608
11671
11747
11799
11852
11855
12068
12167
12178
12183
12202
12204
12207
12215
12254
12270
12319
12342
12366
12378
12398
12546
12552
12671
12721
12779
12873
13030
13050
13065
13081
13099
13114
13274
13296
13356
13374
13521
13554
13566
13713
13811
13852
13881
13889
14279
14280
14412
14458
14646
14823
14900
25014
25033
25112
25270
25290
25569
25607
25635
25758
25785
25787
25790
25821
25828
25831
25841
25878
26063
26128
26154
26157
26165
26224
26327
26405
26446
26456
26599
26607
26659
26660
26677
26714
26724
26739
26810
26820
26867
26919
26988
27047
27077
27474
27487
27582
27589
27777
27779
27917
27932
28038
28065
28100
28170
28228
28240
28243
28244
28245
28246
28247
28248
28249
28250
28251
28252
28253
28257
28306
28439
28497
28595
28812
28838
28888
28956
28979
28987
29061
29068
29138
29151
29154
29155
29207
29217
29317
29347
29351
29426
29440
29451
29488
29517
29572
29689
29836
29855
29974
29980
29992
30000
30017
30018
30068
30078
30104
30132
30261
30399
30567
30689
30762
30769
30863
30911
30912
30925
30943
30982
31045
31140
31180
31219
31226
31285
31457
32405
32432
32455
32481
32493
32637
32711
32724
32986
33047
33122
33165
33234
33296
33315
33317
33334
33401
33476
33626
33631
33684
33720
33939
34004
34243
34250
34286
34296
34327
34352
34361
34362
34378
34387
34425
34443
34452
34460
34462
34466
34477
34482
34490
34491
34547
34586
34589
34648
34678
34698
34759
34765
34846
34915
34970
34999
35049
35058
35063
35065
35085
35101
35111
35117
35212
35231
35310
35531
35554
35560
35564
35578
35632
35644
35650
35668
35670
35690
35736
35817
35854
35855
35857
35859
35895
35899
35912
35934
35944
35970
36001
36063
36125
36187
36192
36224
36232
36280
36288
36291
36319
36415
36695
36954
36991
37169
37299
37479
37493
37608
37760
37761
37778
37890
37971
38014
38051
38070
38090
38134
38173
38186
38191
38277
38295
38387
38406
38496
38504
38528
38561
38578
38672
38884
38977
38994
39059
39087
39124
39268
39271
39277
39313
39319
39400
39405
39594
39636
39683
39695
39802
39816
39934
39952
39955
40030
40115
40193
40195
40249
40327
40349
40384
40645
40652
40653
40656
40660
40678
40689
40705
40706
40713
40747
40763
40817
40823
40898
40955
40958
40964
40971
41077
41148
41200
41287
41328
41342
41518
41553
41579
41600
41614
41629
41680
41698
41709
41731
41765
41771
41779
41880
41885
41900
41902
41905
41920
41942
41944
41990
42022
42034
42039
42062
42066
42070
42076
42077
42108
42133
42154
42176
42232
42382
42437
42452
42524
42549
42551
42655
42678
42760
42764
42767
42847
42881
43016
43069
43082
43086
43099
43117
43140
43141
43142
43143
43196
43200
43260
43267
43290
43303
43375
43413
43425
43434
43440
43444
43450
43456
43466
43471
43614
43658
43711
44108
44175
44178
44200
44245
44294
44370
44390
44395
44401
44405
44406
44423
44472
44492
44576
44582
44605
44672
44750
44781
44807
44827
44845
44919
45022
45108
45238
45317
45662
45704
45711
45727
45889
45902
45908
46038
46069
46202
46203
46234
46381
46408
46437
46442
46445
46466
46468
46473
46489
46491
46494
46497
46691
46713
47027
47035
47086
47103
47136
47160
47219
47314
47373
47428
47429
47437
47495
47497
47509
47514
47516
47545
47561
47583
47591
47663
47714
47762
47864
47993
48003
48009
48012
48018
48128
48136
48157
48206
48295
48300
48308
48334
48344
48346
48366
48373
48384
48548
48552
48556
48581
48616
48624
48626
48644
48678
48686
48772
49055
49092
49196
49219
49255
49334
49347
49365
49367
49418
49713
49834
49883
49890
49922
49925
49931
49968
50047
50061
50097
50138
50325
50417
50735
50743
50769
50825
50856
50866
50871
50924
50985
50989
51004
51134
51155
51245
51284
51288
51344
51367
51373
51386
51574
51628
51635
51663
51664
51682
51755
51790
51804
51841
51848
51964
51966
52000
52030
52158
52249
52267
52364
52371
52409
52417
52429
52459
52470
52522
52537
52715
52764
52855
52885
53046
53047
53048
53049
53050
53065
53084
53188
53281
53334
53343
53371
53547
53550
53628
53770
53790
53856
53861
53929
53994
54063
54153
54162
54397
54561
54584
54620
54651
54733
54771
54793
54875
55090
55159
55163
55381
55474
55522
55539
55555
55562
55566
55576
55577
55631
55650
55654
55661
55704
55710
55762
55783
55851
55930
55944
56008
56042
56052
56093
56111
56113
56125
56132
56157
56211
56315
56441
56515
56523
56531
56540
56541
56571
56575
56577
56652
56665
56683
56700
56713
56743
56746
56750
56751
56809
56840
56841
56842
56852
56870
56920
56936
56953
57111
57131
57154
57218
57237
57250
57303
57368
57439
57442
57459
57466
57497
57538
57546
57622
57669
57680
57701
57741
57810
57857
58018
58242
58285
58574
58628
58631
58655
58661
58662
58663
58666
58690
58692
58701
58703
58719
58720
58721
58731
58734
58762
58766
58800
58891
58929
58940
59045
59080
59100
59145
59236
59296
59324
59400
59429
59439
59451
59452
59461
59468
59482
59485
59487
59490
59501
59516
59563
59564
59574
59576
59579
59585
59591
59605
59608
59637
59660
59685
59741
59748
59751
59768
59812
59904
59922
59923
59927
59979
59987
60026
60040
60049
60078
60193
60226
60235
60290
60319
60365
60371
60465
60531
60546
60551
60675
60676
60682
60701
60709
60710
60711
60712
60713
60714
60715
60716
60717
60718
60745
60762
60811
60840
60865
60877
60884
60951
60979
60983
60990
60997
61012
61050
61094
61150
61154
61160
61167
61169
61198
61206
61229
61293
61320
61333
61334
61350
61353
61364
61396
61433
61479
61617
61623
61636
61673
61691
61705
61707
61724
61945
62060
62152
62251
62308
62328
62347
62350
62390
62462
62690
62760
62801
62850
62895
62933
63011
63025
63028
63047
63069
63098
63157
63205
63208
63366
63442
63458
63515
63693
63704
63878
63896
63905
63956
64037
64051
64097
64142
64153
64154
64184
64191
64200
64215
64219
64220
64224
64227
64230
64232
64293
64352
64406
64413
64423
64454
64551
64604
64609
64610
64612
64652
64656
64657
64658
64659
64660
64669
64705
64723
64724
64725
64728
64744
64748
64749
64772
64779
64806
64807
64812
64813
64820
64821
64831
64847
64922
64924
65249
65258
65318
65398
65465
65636
65647
65688
65694
65702
65731
65733
65812
65852
65868
65895
65897
65906
65923
65926
65929
65930
65938
65940
65966
65984
66037
66083
66092
66099
66122
66129
66148
66155
66202
66220
66299
66374
66429
66462
66463
66476
66509
66519
66622
66685
66752
66988
67002
67097
67098
67217
67291
67376
67418
67489
67558
67622
67637
67641
67681
67816
68012
68103
68141
68203
68205
68231
68319
68357
68407
68735
68743
68779
68812
68833
68959
69117
69129
69134
69236
69243
69307
69317
69404
69424
69429
69444
69452
69508
69582
69618
69694
69866
69888
69940
70112
70205
70256
70492
70535
70536
70580
70671
70678
70918
70927
71046
71121
71291
71294
71298
71314
71325
71330
71339
71345
71348
71355
71413
71627
71663
71696
71898
71965
72066
72244
72275
72332
72487
72769
72828
72976
72995
73239
73255
73287
73293
73349
73498
73644
73656
73771
73795
73818
73877
73881
73883
73885
73887
73921
73924
73963
73968
73977
73992
74009
74041
74045
74047
74050
74064
74072
74095
74124
74146
74209
74236
74390
74394
74412
74583
74584
74597
74598
74600
74607
74611
74613
74617
74633
74634
74635
74640
74641
74658
74667
74702
74712
74716
74799
74859
74917
74949
74951
75006
75037
75107
75141
75176
75177
75194
75195
75415
75531
75544
75577
75644
75720
75757
75780
75838
75905
75972
75984
75995
76081
76085
76106
76107
76127
76159
76165
76275
76326
76328
76339
76367
76375
76385
76434
76517
76621
76640
76683
76699
76724
76867
76975
77210
77228
77260
77298
77319
77364
77433
77441
77451
77460
77519
77605
77622
77639
77663
77701
77707
77744
77786
77809
77814
77975
78152
78291
78295
78297
78338
78352
78424
78460
78492
78716
78765
78874
78877
79131
79312
79324
79330
79443
79510
79556
79579
79605
79609
79612
79619
79629
79650
79688
79726
79754
79779
79885
79907
79970
80137
80243
80251
80265
80271
80273
80283
80285
80309
80330
80350
80363
80441
80448
80456
80466
80563
80708
80724
80743
80751
80761
80769
80770
80777
80789
80858
80869
80881
80896
80909
80910
80922
80930
80946
80947
80964
81173
81174
81244
81251
81295
81309
81378
81513
81524
81578
81593
81594
81672
81860
81875
81877
81891
81928
81995
82004
82006
82033
82039
82227
82237
82245
82259
82382
82388
82448
82459
82477
82488
82555
82567
82780
82816
82982
82996
83073
83087
83144
83216
83226
83299
83441
83460
83515
83516
83657
83712
83750
83765
83862
83901
83920
83943
84029
84032
84160
84161
84163
84175
84188
84189
84202
84207
84212
84215
84222
84223
84336
84382
84409
84421
84422
84428
84437
84458
84465
84476
84482
84500
84516
84519
84527
84529
84535
84545
84546
84582
84612
84790
84806
84833
84908
84923
85058
85220
85256
85303
85439
85452
85467
85484
85594
85679
85716
85721
85722
85723
85724
85725
85765
85787
85867
85873
85904
85972
85975
85983
86001
86041
86140
86149
86241
86452
86535
86538
86553
86558
86611
86730
86744
86835
86836
86899
86927
87077
87167
87185
87242
87263
87290
87297
87331
87364
87401
87482
87661
87958
87993
88066
88163
88259
88268
88376
88384
88385
88464
88477
88485
88486
88508
88539
88615
88641
88808
88819
88826
88832
88878
88890
88922
89003
89005
89060
89147
89169
89171
89185
89235
89524
89529
89532
89542
89580
89602
89668
89699
89733
89785
89822
89832
89848
89849
89854
89859
89905
89912
89923
90001
90010
90087
90112
90121
90140
90146
90154
90198
90228
90270
90273
90287
90290
90351
90362
90392
90423
90466
90504
90509
90522
90685
90800
90916
90918
90949
90954
91050
91216
91486
91517
91524
91674
91687
91709
91797
91908
91931
91958
91993
92074
92080
92107
92120
92144
92167
92206
92239
92240
92288
92302
92462
92473
92552
92672
92691
92722
92723
92755
92829
92942
93096
93167
93243
93423
93464
93504
93563
93589
93617
93640
93645
93671
93746
93748
93753
93886
93910
93954
94003
94021
94084
94104
94115
94136
94139
94150
94177
94369
94464
94641
94681
94702
94748
94773
94857
94873
94886
95089
95090
95097
95108
95113
95118
95133
95154
95155
95161
95180
95182
95186
95301
95425
95433
95534
95535
95537
95558
95559
95563
95565
95592
95609
95612
95688
95689
95701
95703
95724
95726
95742
95748
96057
96150
96254
96381
96396
96399
96400
96424
96443
96493
96556
96568
96607
96628
96631
96634
96762
96776
96783
96823
96827
96880
96891
96952
97074
97137
97140
97141
97178
97185
97205
97246
97248
97257
97267
97273
97312
97457
97536
97546
97568
97574
97606
97644
97646
97666
97673
97765
97767
97773
98006
98219
98291
98293
98310
98325
98338
98343
98352
98361
98407
98410
98413
98441
98443
98483
98500
98518
98554
98568
98588
98605
98615
98655
98681
98705
98711
98718
98724
98765
98780
98894
98896
98936
99047
99145
99179
99188
99209
99219
99223
99240
99390
99408
99410
99431
99437
99473
99494
99541
99582
99666
99728
99775
99799
99857
99886
99907
99936
99966
99967
100017
100036
100046
100051
100087
100090
100098
100156
100388
100393
100458
100477
100576
100640
100742
100907
100923
100983
100999
101040
101116
101199
101269
101274
101323
101354
101393
101410
101467
101540
101544
101550
101551
101552
101553
101554
101634
101651
101675
101742
101760
101762
101764
101767
101799
101810
101831
101907
101916
101920
101927
101930
101934
102002
102040
102045
102057
102120
102241
102251
102281
102315
102357
102408
102489
102492
102521
102556
102571
102626
102645
102707
102729
102730
102756
102771
102773
102809
102818
102833
102896
102899
102921
103151
103180
103192
103206
103532
103780
103806
103823
103826
103843
103847
103876
103878
103911
103919
103925
103976
104001
104002
104007
104012
104020
104022
104074
104088
104134
104139
104140
104141
104143
104183
104226
104227
104228
104238
104239
104240
104241
104291
104296
104308
104309
104339
104388
104412
104433
104500
104520
104540
104576
104611
104624
104652
104668
104819
104850
105113
105239
105241
105245
105273
105425
105599
105706
105870
105959
106009
106237
106302
106350
106359
106364
106511
106541
106614
106677
106760
106902
106914
106916
107004
107024
107036
107090
107289
107296
107307
107310
107329
107410
107609
107626
107672
107678
107718
107741
107744
107986
108096
108160
108172
108180
108192
108204
108220
108226
108235
108311
108446
108452
108525
108528
108561
108675
108692
108748
108770
108843
108853
108855
108864
108928
108929
109000
109035
109074
109091
109114
109133
109193
109246
109254
109294
109309
109401
109473
109499
109506
109538
109634
109657
109667
109669
109732
109747
109923
110029
110038
110058
110095
110122
110130
110133
110279
110282
110283
110321
110334
110342
110379
110396
110400
110402
110417
110452
110489
110536
110571
110578
110588
110610
110681
110682
110685
110759
110781
110818
110883
110938
110980
111091
111183
111198
111199
111200
111201
111202
111203
111204
111205
111206
111207
111208
111209
111210
111211
111212
111213
111214
111215
111216
111217
111218
111219
111220
111221
111222
111223
111224
111225
111326
111367
111425
111480
111534
111590
111610
111676
111799
111842
111917
111924
112035
112073
112083
112089
112231
112264
112274
112275
112283
112284
112378
112392
112398
112429
112451
112462
112486
112628
112692
112795
112807
113050
113072
113446
113607
113636
113643
113676
113694
113731
113798
113904
113906
113917
113924
113931
113948
113985
113997
114038
114062
114089
114180
114218
114222
114310
114457
114466
114530
114579
114629
114658
114664
114791
114797
114870
114927
114936
114995
115039
115060
115170
115229
115238
115326
115403
115426
115442
115497
115520
115604
115659
115660
115679
115680
115745
115854
115893
115949
115961
116001
116002
116015
116246
116290
116315
116343
116361
116399
116403
116410
116416
116439
116443
116465
116493
116507
116508
116587
116626
116633
116648
116693
116733
116742
116767
116773
116777
116804
116808
116860
116875
116885
116908
116921
116940
116943
116951
116956
117036
117040
117042
117048
117063
117093
117129
117131
117135
117141
117144
117149
117281
117424
117440
117533
117540
117563
117587
117625
117638
117690
117704
117712
117774
117824
117849
117850
117895
117921
118016
118084
118116
118119
118148
118150
118156
118168
118169
118193
118221
118260
118297
118342
118407
118430
118465
118516
118530
118555
118557
118560
118568
118575
118601
118607
118622
118634
118651
118676
118699
118724
118741
118756
118780
118850
118893
118922
118933
118967
118972
119092
119109
119117
119123
119166
119194
119307
119368
119370
119388
119406
119442
119501
119521
119529
119554
119560
119576
119616
119641
119664
119715
119728
119749
119808
119810
119855
119858
119874
119891
119957
119973
119974
120001
120013
120027
120047
120054
120072
120082
120101
120104
120145
120162
120213
120233
120245
120253
120266
120309
120329
120331
120346
120372
120498
120547
120559
120562
120589
120608
120737
120786
120850
120919
120926
120957
120985
121002
121013
121123
121177
121206
121230
121251
121291
121309
121333
121377
121406
121433
121442
121448
121471
121486
121509
121517
121605
121609
121611
121631
121641
121741
121788
121833
121903
121948
121961
121980
122003
122037
122134
122137
122254
122310
122318
122352
122400
122412
122422
122425
122549
122567
122572
122688
122705
122711
122750
122758
122791
122799
122825
122867
122869
122882
122896
122956
122957
122970
122971
122979
123059
123072
123078
123090
123154
123176
123179
123263
123282
123322
123375
123382
123399
123407
123439
123464
123471
123473
123479
123499
123521
123545
123561
123567
123600
123615
123635
123638
123790
123800
123804
123814
123817
123834
123850
123873
123889
123896
123916
123939
123948
123959
124001
124135
124151
124167
124169
124176
124190
124203
124207
124231
124256
124301
124308
124342
124415
124428
124431
124537
124539
124565
124586
124588
124596
124614
124694
124774
124786
124827
124930
124946
124976
124988
125001
125013
125016
125021
125028
125043
125044
125111
125324
125328
125334
125345
125348
125357
125368
125441
125469
125476
125492
125568
125572
125615
125643
125702
125719
125733
125734
125737
125765
125773
125780
125816
125823
125904
126011
126022
126036
126094
126143
126171
126178
126185
126232
126263
126371
126537
126669
126671
126686
126704
126706
126816
126820
126911
126912
126928
126973
126999
127011
127016
127077
127096
127118
127186
127199
127392
127412
127421
127427
127437
127457
127469
127500
127531
127634
127747
127756
127862
127923
127929
127940
127949
128016
128091
128158
128175
128201
128327
128350
128361
128362
128364
128366
128381
128383
128451
128475
128477
128509
128510
128517
128543
128553
128576
128625
128626
128627
128628
128629
128630
128631
128632
128633
128634
128698
128714
128774
128781
128798
128812
128824
128842
128845
128855
128858
128909
128922
128953
129044
129078
129081
129101
129147
129179
129198
129216
129288
129406
129458
129481
129500
129572
129608
129767
129772
129776
129816
129960
130031
130039
130040
130068
130095
130102
130203
130244
130245
130269
130314
130330
130346
130411
130503
130589
130590
130594
130738
130792
130807
130859
130895
130939
130942
130971
131009
131024
131031
131073
131074
131107
131187
131209
131377
131378
131502
131512
131597
131600
131630
131658
131686
131780
131858
131871
131941
131973
132131
132242
132578
132636
132664
132799
132864
133185
133297
133312
133497
133535
133655
133849
133886
133931
134011
134064
134087
134239
134240
134319
134417
134457
134543
134594
134630
134663
134689
134838
134844
134870
135066
135098
135248
135349
135351
135453
135552
135598
135749
135751
135761
135937
136153
136254
136330
136333
136443
136447
136494
136709
136748
136888
137031
137049
137129
137241
137433
137437
137448
137452
137580
137596
137660
137776
137784
137865
137915
138049
138075
138085
138140
138151
138159
138186
138192
138216
138221
138233
138257
138262
138335
138351
138359
138360
138361
138366
138401
138406
138408
138410
138426
138503
138540
138541
138550
138676
138711
138719
138747
138807
138814
138831
138861
138954
138957
138988
139025
139079
139135
139198
139257
139299
139433
139749
139964
140010
140029
140141
140144
140159
140161
140227
140236
140275
140339
140453
140501
140685
140709
140840
140842
140851
140876
140881
140912
140918
140936
140948
141033
141055
141090
141127
141298
141346
141397
141419
141420
141496
141572
141579
141620
141633
141634
141635
141649
141682
141709
141721
141764
141850
141888
141914
142079
142090
142150
142153
142168
142196
142201
142275
142335
142355
142375
142376
142395
142397
142465
142486
142489
142490
142716
142791
142833
142913
142916
142935
142978
142982
142983
143009
143011
143038
143075
143081
143083
143101
143172
143229
143441
143521
143661
143726
143728
143738
143759
143838
143865
143870
143886
143902
143904
143980
143986
144048
144060
144250
144337
144378
144433
144446
144501
144502
144510
144563
144569
144606
144626
144651
144663
144666
144693
144718
144727
144737
144762
144785
144826
144876
144960
145029
145075
145107
145181
145242
145244
145253
145260
145266
145272
145300
145304
145317
145343
145397
145399
145449
145483
145494
145503
145504
145505
145507
145528
145532
145558
145578
145727
145792
145827
145898
145903
145905
145906
145908
145919
145932
145934
145940
145948
145952
145955
145967
145979
146063
146066
146106
146109
146169
146177
146193
146218
146245
146260
146267
146426
146450
146455
146460
146535
146537
146585
146598
146618
146627
146648
146658
146669
146678
146708
146720
146721
146725
146732
146773
146774
146785
146883
146927
146951
146961
146972
146981
146984
147021
147028
147037
147237
147260
147268
147363
147512
147630
147658
147840
147906
147971
147998
148032
148063
148087
148098
148162
148202
148316
148389
148404
148453
148473
148513
148583
148591
148608
148609
148616
148625
148676
148713
148729
148773
148784
148888
148978
148989
148994
149025
149028
149044
149049
149128
149130
149171
149232
149280
149294
149396
149458
149463
149471
149478
149614
149658
149793
149828
149851
149937
149986
150040
150099
150142
150238
150249
150253
150431
150500
150540
150802
150809
151035
151070
151115
151116
151125
151130
151184
151264
151429
151515
151666
151796
151804
151899
151975
152019
152120
152241
152249
152257
152260
152273
152275
152286
152287
152330
152359
152363
152384
152394
152409
152561
152813
152861
152885
152934
153015
153220
153278
153347
153354
153478
153535
153660
153706
153723
153775
153782
153827
153914
154016
154097
154105
154108
154112
154136
154139
154155
154165
154171
154178
154179
154183
154191
154204
154212
154220
154225
154263
154444
154452
154462
154469
154536
154559
154560
154594
154693
154810
154848
154935
155012
155021
155027
155093
155142
155143
155144
155145
155193
155203
155204
155263
155310
155347
155349
155354
155361
155381
155411
155435
155564
155566
155579
155589
155593
155617
155645
155702
155760
155886
155901
155916
155922
155948
155960
155961
155962
155971
155986
156004
156017
156066
156082
156138
156171
156172
156239
156245
156248
156249
156271
156273
156275
156283
156285
156364
156469
156481
156494
156574
156613
156628
156630
156672
156764
156766
156871
156874
156880
156885
156947
157084
157092
157118
157323
157333
157334
157336
157338
157342
157350
157360
157361
157373
157381
157388
157392
157399
157464
157468
157489
157492
157537
157539
157612
157642
157746
157747
157755
157790
157793
157804
157812
157814
157816
157817
157827
157833
157851
157886
158115
158145
158165
158181
158192
158216
158220
158261
158362
158379
158422
158518
158645
158676
158725
158729
158750
158769
158858
158896
158923
158937
159055
159297
159342
159494
159524
159562
159634
159686
159735
159797
159853
160080
160272
160280
160291
160296
160410
160476
160560
160738
160744
160751
160778
160791
160874
160939
160977
161018
161031
161073
161142
161235
161339
161342
161415
161450
161488
161531
161571
161592
161602
161623
161632
161668
161764
161809
161852
161903
162076
162088
162207
162242
162245
162345
162368
162427
162553
162637
162646
162663
162698
162756
162777
162828
162862
162879
162946
163028
163029
163030
163050
163106
163110
163140
163270
163305
163325
163342
163343
163393
163404
163418
163432
163453
163529
163583
163601
163618
163687
163688
163700
163701
163810
163816
163817
163818
163819
163820
163836
163846
163857
163880
163882
163893
163936
163955
164005
164126
164195
164254
164260
164282
164307
164311
164357
164372
164424
164447
164453
164465
164488
164556
164560
164588
164607
164609
164680
164702
164712
164724
164746
164764
164806
164808
165011
165039
165068
165079
165094
165098
165099
165113
165116
165120
165132
165154
165159
165185
165189
165200
165202
165203
165233
165234
165484
165485
165504
165512
165531
165535
165567
165569
165612
165617
165639
165643
165650
165670
165722
165838
165846
165950
165964
165992
166024
166082
166094
166159
166196
166270
166331
166350
166373
166390
166405
166453
166480
166544
166556
166558
166568
166686
166747
166755
166791
166824
166959
167020
167061
167144
167155
167159
167228
167239
167309
167341
167366
167379
167386
167426
167492
167657
167660
167759
167953
167958
167986
167987
168110
168130
168131
168145
168214
168244
168245
168327
168353
168613
168796
168800
168806
168818
168830
168880
168911
168931
168961
168976
168977
168978
169006
169075
169078
169085
169139
169145
169158
169178
169287
169314
169318
169344
169373
169374
169381
169464
169473
169526
169532
169536
169593
169617
169855
169867
169888
169924
169928
169948
169959
169960
169992
170066
170129
170351
170392
170426
170516
170654
170658
170698
170733
170754
170820
170824
170850
170855
170913
170935
171020
171032
171037
171076
171090
171091
171102
171173
171219
171222
171224
171249
171263
171300
171317
171349
171351
171419
171433
171441
171476
171485
171519
171556
171562
171563
171582
171594
171685
171723
171746
171832
171844
171912
171931
171938
171969
171970
171973
171978
171986
171989
172001
172044
172067
172096
172187
172259
172291
172325
172363
172371
172614
172621
172664
172713
172745
172852
172908
172962
173052
173086
173106
173137
173157
173238
173239
173294
173311
173326
173339
173387
173578
173617
173638
173645
173664
173677
173683
173691
173710
173748
173760
173762
173764
173765
173774
173778
173779
173786
173804
173812
173881
173922
173994
174038
174062
174079
174090
174091
174103
174165
174458
174465
174473
174474
174484
174487
174512
174517
174630
174643
174706
174728
174751
174775
174776
174944
174992
175055
175058
175099
175106
175111
175116
175179
175181
175201
175207
175214
175221
175279
175325
175329
175600
175605
175623
175626
175628
175630
175632
175677
175694
175701
175715
175716
175717
175723
175725
175731
175741
175743
175751
175789
175805
175810
175871
175893
175938
175961
176009
176010
176037
176119
176131
176137
176191
176213
176229
176236
176329
176417
176498
176540
176557
176581
176618
176685
176791
176792
176819
176821
176827
176859
176862
176867
176893
176907
176913
176915
176926
176951
176953
176954
176963
176980
176999
177097
177103
177104
177124
177137
177182
177241
177256
177288
177318
177350
177355
177358
177399
177401
177428
177527
177603
177631
177654
177712
177717
177841
177876
177948
177970
177976
177981
178012
178144
178226
178247
178353
178381
178412
178525
178543
178757
178797
178811
178839
178854
178860
178875
178894
178895
178898
178908
178959
178960
179010
179178
179194
179261
179456
179479
179563
179568
179582
179595
179602
179625
179649
179695
179765
179783
179786
179793
179798
179843
179853
179859
179963
179966
180012
180106
180107
180111
180112
180126
180151
180152
180298
180495
180522
180526
180553
180679
180680
180717
180722
180769
180897
181163
181175
181182
181214
181391
181396
181545
181547
181556
181619
181620
181622
181626
181630
181631
181661
181723
181726
181793
181798
181827
181989
181990
182000
182026
182119
182155
182414
182419
182463
182548
182594
182634
182646
182656
182658
182674
182699
182709
182731
182745
182777
182798
182848
182859
182884
182941
182951
182958
182961
182967
183109
183173
183181
183239
183260
183265
183299
183332
183421
183481
183548
183553
183576
183599
183605
183658
183678
183686
183724
183752
183756
183774
183778
183796
183869
183906
183934
183936
183981
183993
183997
183998
184071
184101
184132
184173
184180
184185
184361
184430
184568
184569
184589
184606
184664
184676
184699
184716
184719
184720
184757
185179
185276
185293
185323
185334
185350
185357
185379
185536
185917
185941
185965
186240
186403
186455
186560
186608
186619
186622
186638
186642
186651
186674
186683
186690
186704
186713
186717
186732
186747
186767
186774
186807
186809
186817
186818
186826
186891
186960
187000
187024
187060
187099
187101
187105
187158
187161
187188
187211
187225
187232
187233
187260
187316
187353
187378
187392
187402
187449
187476
187485
187488
187527
187559
187620
187670
187823
187835
187891
187927
187931
187953
187957
187986
187994
188104
188276
188333
188361
188384
188448
188469
188516
188527
188538
188556
188572
188939
188972
189006
189080
189081
189284
189323
189368
189614
189656
189658
189669
189696
189701
189704
189737
189744
189749
189750
189799
189981
190038
190040
190074
190120
190121
190125
190195
190215
190262
190265
190268
190269
190327
190342
190346
190376
190383
190384
190397
190399
190404
190405
190417
190434
190442
190451
190454
190482
190485
190490
190495
190501
190511
190517
190533
190536
190549
190599
190684
190702
190707
190817
190838
190840
190899
190920
190979
190994
191010
191036
191061
191093
191094
191129
191130
191144
191153
191158
191159
191160
191181
191202
191204
191311
191354
191389
191390
191473
191495
191503
191672
191711
191789
191859
191889
191952
192212
192242
192247
192288
192330
192331
192332
192333
192334
192335
192336
192337
192338
192420
192444
192474
192481
192507
192513
192518
192535
192585
192588
192591
192597
192598
192731
192815
192882
192892
192896
192901
192916
192952
192970
192977
192988
192999
193000
193002
193013
193015
193017
193024
193102
193106
193109
193113
193184
193190
193210
193263
193332
193351
193431
193457
193465
193497
193519
193558
193639
193687
193731
193734
193787
193893
193936
193938
193939
193951
193957
193984
193991
193999
194008
194010
194018
194025
194053
194118
194133
194169
194185
194196
194200
194279
194285
194298
194307
194308
194310
194312
194313
194323
194327
194337
194343
194347
194353
194361
194367
194370
194373
194387
194391
194393
194398
194399
194402
194404
194405
194415
194419
194430
194447
194465
194467
194468
194479
194481
194488
194511
194686
194705
194716
194771
194816
194827
194838
194839
194848
194854
194855
194856
194874
194881
194887
194902
194906
194960
194967
194978
194985
195076
195086
195088
195130
195545
195575
195588
195590
195592
195603
195651
195653
195656
195749
195790
195820
195898
195941
195946
195961
195968
196091
196191
196214
196215
196275
196295
196349
196409
196416
196453
196466
196471
196555
196561
196615
196617
196625
196626
196633
196640
196648
196651
196657
196729
196738
196809
196881
196935
197025
197044
197076
197091
197165
197176
197200
197202
197207
197216
197230
197279
197300
197341
197504
197550
197580
197696
197806
197866
197921
197935
197967
198033
198035
198039
198061
198076
198080
198141
198150
198176
198178
198180
198205
198251
198253
198302
198380
198430
198455
198505
198545
198553
198576
198583
198587
198589
198612
198614
198651
198652
198659
198663
198688
198694
198697
198734
198768
198858
198864
198938
199005
199234
199242
199286
199535
199693
199703
199716
200077
200084
200100
200128
200151
200158
200168
200173
200183
200366
200376
200377
200379
200430
200465
200478
200485
200521
200523
200524
200534
200541
200835
200861
200864
201131
201147
201178
201188
201199
201260
201288
201292
201294
201384
201390
201520
201597
201658
201737
201758
201780
201854
201863
201887
201907
201928
201967
201970
202062
202150
202152
202167
202290
202347
202348
202350
202405
202470
202504
202541
202580
202651
202659
202707
202713
202818
202853
202872
202983
202994
203017
203224
203228
203476
203513
203548
203632
203690
203719
203760
203767
203772
203779
203782
203783
203792
203813
203835
203840
203882
203896
203910
204094
204107
204112
204126
204148
204155
204217
204243
204321
204337
204398
204425
204439
204445
204488
204510
204544
204566
204569
204740
204804
204835
204925
204934
204943
205066
205145
205154
205183
205192
205205
205217
205219
205285
205322
205358
205374
205404
205419
205454
205486
205531
205605
205636
205658
205689
205690
205703
205748
205769
205798
205803
205816
205822
205924
205925
205926
205929
205944
205945
205999
206008
206009
206043
206047
206067
206110
206112
206127
206166
206202
206230
206234
206296
206297
206316
206324
206393
206648
206707
206751
206798
206800
206850
206861
206899
206917
206931
206964
206969
206970
206980
206981
206995
207003
207011
207014
207028
207036
207040
207044
207066
207086
207117
207129
207209
207218
207225
207236
207269
207281
207324
207326
207330
207331
207361
207373
207499
207509
207516
207531
207564
207568
207583
207600
207618
207627
207647
207656
207698
207702
207869
207894
207966
207996
208016
208034
208139
208203
208248
208257
208282
208285
208419
208428
208436
208452
208567
208572
208597
208617
208634
208637
208689
208759
208810
208814
208845
208847
208861
208899
208951
208969
208990
209073
209112
209185
209204
209235
209308
209411
209414
209460
209471
209475
209552
209572
209589
209624
209738
209761
209781
209807
209822
209870
209874
209886
209975
209992
210036
210041
210044
210070
210083
210086
210128
210210
210233
210237
210247
210311
210332
210386
210391
210426
210437
210501
210583
210584
210610
210729
210744
210793
211330
211379
211386
211418
211431
211433
211435
211438
211444
211447
211448
211451
211582
211648
211679
211731
211752
211770
211799
211800
211816
211855
211862
211866
211876
211919
211929
212073
212122
212151
212213
212234
212246
212253
212285
212299
212306
212401
212427
212468
212488
212514
212532
212641
212666
212679
212715
212730
212767
212788
212801
212815
212819
212868
212893
212937
212942
212958
213019
213128
213129
213196
213296
213322
213329
213338
213345
213372
213428
213459
213475
213480
213552
213600
213611
213638
213640
213642
213643
213644
213646
213648
213650
213657
213658
213685
213711
213714
213734
213785
213795
213954
214028
214145
214164
214168
214184
214226
214263
214454
214459
214474
214502
214554
214591
214715
214716
214720
214726
214732
214735
214755
214761
214785
214789
214804
214808
214810
214833
214865
214866
214879
214891
214923
214951
215098
215239
215276
215391
215405
215438
215472
215488
215598
215844
215851
215856
215861
215873
215874
215875
215876
215877
215909
215945
215946
215949
215954
215959
215972
216007
216052
216120
216123
216167
216247
216261
216310
216327
216332
216344
216378
216421
216434
216530
216552
216565
216566
216598
216669
216677
216724
216986
217120
217134
217138
217157
217169
217172
217188
217220
217230
217248
217272
217346
217409
217412
217508
217528
217551
217572
217652
217672
217731
217817
217818
217852
217874
217906
218003
218013
218032
218054
218091
218120
218211
218229
218256
218291
218442
218480
218521
218532
218568
218602
218636
218806
218868
218922
218926
218951
218969
218973
218983
219148
219234
219394
219463
219552
219639
219776
219792
219814
219901
219960
219988
220041
220052
220053
220054
220062
220109
220130
220138
220173
220186
220194
220243
220332
220344
220379
220549
220624
220643
220663
220677
220708
220713
220717
220727
220747
220890
221071
221109
221139
221145
221221
221277
221284
221294
221302
221338
221355
221380
221391
221407
221458
221509
221596
221608
221695
221710
221901
221916
221934
221950
221980
222081
222122
222155
222203
222308
222332
222342
222400
222455
222490
222522
222545
222621
222636
222652
222658
222664
222676
222678
222692
222697
222698
222699
222727
222737
222743
222793
222797
222801
222807
222815
222823
222881
222882
222890
222921
222934
222939
222944
222991
222994
223027
223118
223121
223128
223141
223142
223143
223166
223175
223198
223496
223548
223586
223607
223615
223616
223697
223724
223749
223754
223790
223825
223894
223935
223954
224017
224021
224044
224050
224064
224070
224072
224077
224078
224166
224184
224195
224205
224286
224365
224372
224389
224404
224405
224407
224421
224459
224462
224467
224469
224473
224476
224478
224498
224499
224506
224516
224527
224564
224576
224592
224595
224631
224679
224780
224788
224809
224974
225072
225080
225104
225124
225424
225519
225710
225896
225897
225943
226024
226039
226043
226151
226274
226416
226443
226450
226514
226589
226641
226658
226722
226731
226786
226787
226816
226992
227019
227243
227265
227314
227342
227395
227623
227659
227667
227709
227714
227746
227749
227750
227751
227760
227764
227768
227772
227773
227815
227826
227835
227932
227934
227936
227965
227993
228101
228179
228187
228336
228362
228439
228601
228627
228642
228655
228659
228666
228669
228670
228677
228683
228695
228699
228703
228716
228723
228724
228773
228788
228806
228816
228817
228835
228915
228946
228961
228984
228995
229022
229060
229076
229154
229158
229175
229190
229200
229215
229223
229343
229396
229454
229504
229509
229647
229674
229799
229807
229864
229883
229887
229952
230149
230267
230318
230324
230342
230354
230403
230512
230523
230607
230628
230630
230634
230636
230652
230685
230690
230755
230768
230769
230779
230811
230848
230876
230987
231138
231182
231266
231270
231525
231566
231797
231827
231838
231884
231908
231919
231924
231936
231942
231957
231992
231995
232003
232145
232155
232211
232216
232228
232233
232296
232473
232488
232489
232595
232646
232650
232715
232783
233244
233271
233417
233431
233471
233510
233569
233737
233740
233800
233806
233830
233839
233946
233971
233975
233991
234001
234078
234089
234135
234142
234153
234156
234312
234347
234353
234400
234436
234462
234506
234545
234572
234620
234744
234746
234785
234887
234903
234918
234929
234935
234949
234985
235014
235049
235147
235169
235232
235241
235244
235274
235277
235279
235306
235323
235348
235356
235371
235386
235409
235428
235433
235435
235519
235522
235564
235573
235579
235599
235605
235616
235630
235633
235634
235665
235672
235696
235716
235718
235755
235764
235773
235793
235796
235811
235814
235817
235827
235880
236005
236008
236115
236140
236231
236243
236262
236303
236323
236330
236418
236441
236466
236553
236621
236706
236779
236802
236821
236825
236826
236843
236851
236855
236857
236858
236866
236899
236905
236907
236921
236925
236941
236963
236971
237037
237120
237221
237248
237314
237382
237427
237462
237463
237467
237468
237474
237488
237490
237526
237580
237616
237617
237633
237665
237666
237704
237711
237716
237754
237762
237811
237841
237871
237907
237971
237983
237995
237997
238015
238020
238264
238278
238322
238323
238352
238360
238396
238412
238430
238436
238450
238451
238452
238457
238462
238506
238511
238518
238584
238594
238604
238620
238626
238640
238651
238665
238714
238723
238748
238751
238856
238864
238896
238904
238918
238938
238941
238955
238966
239014
239036
239091
239116
239168
239197
239212
239220
239294
239346
239360
239369
239410
239449
239452
239456
239463
239466
239483
239579
239586
239590
239607
239609
239645
239656
239682
239747
239753
239756
239787
239839
239843
239864
239867
239880
239899
239910
239922
239927
239953
239955
239972
239991
240002
240032
240060
240089
240106
240125
240135
240140
240141
240142
240171
240202
240209
240312
240330
240370
240372
240388
240400
240437
240455
240471
240473
240480
240514
240554
240562
240594
240675
240677
240713
240746
240761
240796
240887
240907
240932
240957
240991
241008
241057
241077
241147
241188
241193
241202
241214
241216
241238
241304
241320
241328
241334
241352
241366
241382
241418
241630
241642
241751
241757
241802
241811
241815
241822
241838
241849
241863
241874
241893
241931
241938
242035
242061
242129
242133
242189
242190
242191
242196
242286
242305
242310
242330
242344
242345
242346
242347
242356
242378
242385
242386
242423
242432
242441
242448
242457
242546
242563
242588
242610
242614
242624
242638
242681
242716
242752
242782
242786
242790
242798
242827
242870
242877
242887
242911
242925
242930
242966
242967
243024
243039
243040
243066
243094
243098
243118
243146
243157
243188
243202
243248
243249
243286
243388
243479
243485
243490
243491
243531
243540
243608
243680
243712
243733
243739
243748
243791
243800
243812
243826
243830
243835
243848
243852
243855
243867
243942
243981
243992
243996
244032
244055
244291
244429
244449
244451
244464
244475
244510
244525
244623
244626
244629
244661
244699
244779
244840
244903
244991
245013
245059
245091
245162
245163
245165
245167
245190
245236
245374
245384
245423
245424
245426
245449
245474
245548
245563
245569
245573
245574
245578
245580
245700
245766
245771
245983
246010
246201
246210
246237
246252
246288
246370
246475
246483
246570
246617
246627
246628
246641
246711
246878
246999
247001
247081
247244
247281
247351
247372
247410
247411
247463
247482
247500
247512
247528
247539
247555
247589
247650
247683
247696
247791
247795
247837
248033
248055
248081
248108
248312
248359
248410
248418
248456
248490
248520
248570
248602
248669
248698
248763
248765
248793
248866
248870
248877
248967
249087
249105
249132
249143
249299
249475
249562
249584
249649
249661
249691
249748
249793
249807
249918
249998
250001
250004
250018
250085
250091
250092
250096
250210
250214
250268
250272
250378
250409
250439
250476
250568
250622
250639
250682
250739
250743
250810
250972
250979
251049
251147
251164
251169
251217
251256
251257
251363
251366
251395
251442
251450
251459
251485
251538
251540
251562
251578
251627
251645
251669
251791
251808
251811
251872
252043
252183
252186
252212
252217
252220
252235
252264
252382
252388
252408
252518
252524
252564
252568
252570
252623
252689
252937
252977
253064
253078
253084
253100
253103
253232
253334
253392
253582
253609
253696
253712
253723
253754
253764
253835
253843
253876
253952
254057
254058
254059
254060
254086
254101
254120
254122
254129
254139
254190
254266
254269
254292
254315
254419
254459
254475
254479
254482
254568
254571
254607
254616
254631
254764
254817
254880
254886
254905
254913
254939
254940
254969
254992
255035
255036
255037
255143
255144
255145
255154
255196
255220
255236
255290
255335
255350
255354
255357
255373
255374
255375
255379
255383
255386
255390
255391
255393
255406
255624
255641
256065
256164
256167
256225
256414
256431
256516
256577
256708
256757
256835
256993
257008
257034
257109
257135
257154
257164
257231
257263
257264
257929
257951
257974
257976
257985
257992
258010
258101
258234
258275
258391
258421
258435
258687
258706
258799
258811
258831
258856
258867
258885
258898
258899
258907
258920
258930
258939
258968
258978
258988
258993
259045
259050
259052
259060
259067
259069
259072
259097
259098
259112
259174
259193
259203
259242
259252
259269
259274
259312
259316
259334
259374
259385
259407
259543
259544
259623
259689
259691
259714
259716
259751
259754
259776
259799
259810
259812
259852
259893
259917
260011
260016
260017
260035
260037
260040
260152
260161
260166
260178
260194
260211
260254
260313
260349
260512
260529
260555
260607
260628
260657
260751
260819
260824
260826
260958
260960
260986
260998
261012
261036
261048
261055
261065
261104
261108
261111
261120
261178
261184
261189
261191
261194
261239
261311
261325
261401
261411
261422
261429
261435
261441
261442
261607
261609
261610
261616
261617
261618
261625
261626
261627
261629
261633
261684
261699
261702
261831
261857
261897
261898
261903
261936
261941
262029
262039
262045
262061
262177
262185
262207
262221
262223
262229
262243
262283
262288
262297
262302
262306
262309
262524
262531
262601
262626
262653
262743
262744
262745
262751
262773
262796
263056
263094
263117
263121
263125
263142
263200
263223
263398
263424
263427
263526
263586
263614
263627
263639
263649
263661
263700
263727
263761
263764
263814
263912
263952
264070
264073
264077
264081
264083
264151
264173
264219
264224
264363
264474
264498
264519
264562
264845
264850
264852
264880
264925
264947
264953
264978
265007
265013
265046
265089
265154
265161
265234
265246
265384
265431
265498
265512
265542
265547
265553
265588
265589
265603
265648
265766
265807
265869
265890
265914
265946
265951
265952
266016
266065
266127
266196
266211
266236
266281
266361
266394
266395
266405
266410
266412
266420
266441
266467
266472
266476
266479
266508
266526
266529
266599
266623
266660
266687
266710
266740
266745
266747
266808
266813
266819
267077
267117
267144
267157
267159
267168
267203
267204
267221
267226
267227
267236
267278
267302
267332
267338
267352
267384
267392
267422
267444
267483
267553
267574
267600
267631
267698
267736
267795
267813
267814
267819
267829
267832
267834
267853
267854
267855
267856
267884
267886
267906
267918
267920
267994
268020
268055
268068
268201
268206
268215
268223
268282
268306
268326
268327
268328
268358
268359
268362
268367
268373
268378
268381
268383
268384
268387
268388
268398
268399
268415
268437
268532
268554
268602
268678
268708
268714
268752
268769
268817
268835
268960
268987
269041
269075
269091
269133
269143
269301
269348
269399
269406
269504
269519
269525
269528
269529
269530
269534
269536
269561
269562
269563
269587
269657
269690
269708
269716
269751
269752
269753
269760
269761
269762
269763
269769
269813
269863
269931
269940
269946
269963
270042
270071
270087
270103
270106
270115
270116
270137
270278
270321
270382
270387
270405
270432
270438
270439
270440
270442
270486
270495
270543
270593
270597
270693
270714
270794
270835
270845
270874
270990
271235
271282
271310
271325
271340
271352
271438
271492
271503
271530
271552
271557
271586
271695
271847
271867
271932
271933
271947
271958
272061
272203
272257
272277
272278
272279
272280
272281
272282
272283
272284
272285
272286
272287
272288
272289
272290
272291
272292
272293
272294
272295
272296
272297
272298
272299
272300
272301
272302
272303
272304
272305
272306
272307
272308
272309
272310
272311
272312
272313
272314
272315
272316
272317
272318
272319
272320
272321
272322
272323
272324
272325
272326
272327
272328
272329
272330
272331
272332
272333
272334
272335
272336
272337
272338
272339
272340
272341
272342
272343
272344
272345
272346
272347
272348
272349
272350
272351
272352
272353
272354
272355
272356
272357
272358
272359
272360
272361
272362
272363
272364
272365
272366
272367
272368
272369
272370
272371
272372
272373
272374
272375
272376
272377
272378
272461
272475
272488
272494
272512
272525
272581
272622
272637
272717
272734
272735
272752
272787
272823
272824
272841
272915
272925
272930
272934
272966
272976
272983
273034
273050
273104
273112
273122
273137
273237
273239
273243
273280
273290
273333
273405
273417
273447
273480
273535
273586
273630
273651
273830
273962
273985
274043
274047
274054
274167
274188
274195
274204
274268
274290
274345
274432
274447
274480
274483
274496
274614
274617
274643
274669
274757
274802
274947
274983
275071
275145
275169
275205
275375
275409
275426
275498
275501
275534
275612
275657
275707
275783
275950
275981
276029
276069
276136
276145
276249
276255
276258
276266
276425
276440
276460
276503
276509
276525
276536
276577
276598
276624
276739
276839
276905
276917
276920
276956
276958
276962
276963
276964
276981
276986
276987
276988
276997
277005
277040
277046
277050
277070
277092
277136
277137
277138
277139
277143
277147
277171
277172
277189
277223
277228
277237
277270
277310
277326
277339
277383
277421
277521
277557
277569
277571
277580
277900
278024
278085
278101
278102
278103
278104
278105
278106
278107
278108
278109
278110
278111
278112
278113
278114
278115
278116
278117
278118
278119
278120
278121
278122
278123
278124
278125
278126
278127
278128
278129
278130
278131
278132
278133
278134
278135
278136
278137
278138
278139
278140
278141
278142
278143
278144
278145
278146
278179
278317
278397
278482
278505
278518
278523
278545
278557
278559
278562
278576
278581
278584
278585
278586
278588
278589
278594
278596
278599
278601
278607
278608
278610
278617
278622
278629
278634
278652
278711
278713
278714
278721
278751
278776
278778
278780
278808
278810
278932
278939
278941
278959
278961
278963
278973
278983
279012
279030
279073
279105
279183
279205
279208
279255
279706
279882
279946
279953
279992
280129
280168
280169
280170
280171
280172
280177
280296
280301
280313
280390
280397
280436
280456
280492
280521
280580
280704
280760
280805
280937
281011
281033
281158
281160
281261
281262
281367
281439
281448
281458
281508
281608
281645
281837
281852
281864
281872
281946
281999
282028
282029
282200
282228
282406
282422
282456
282466
282476
282528
282649
282664
282685
282708
282713
282722
282798
282811
282852
282869
282884
282894
283058
283073
283074
283084
283103
283134
283135
283141
283361
283442
283514
283521
283529
283544
283545
283554
283567
283578
283579
283594
283609
283617
283637
283640
283661
283670
283693
283718
283759
283794
283941
283977
283980
284015
284021
284040
284053
284068
284072
284081
284113
284114
284115
284116
284117
284118
284119
284120
284121
284122
284123
284124
284125
284126
284162
284178
284247
284263
284292
284319
284356
284397
284406
284407
284506
284619
284666
284797
284937
284938
284942
284949
284977
285033
285171
285294
285393
285461
285500
285531
285576
285653
285771
285809
285824
285840
285847
285856
285888
285926
285944
285970
286047
286194
286226
286244
286283
286369
286555
286595
286618
286621
286646
286659
286716
286864
286875
286943
286962
286964
286978
286987
286989
287209
287243
287246
287348
287419
287512
287538
287742
287747
287761
287771
287833
287897
288005
288016
288113
288140
288141
288142
288143
288191
288222
288261
288351
288442
288450
288506
288586
288587
288597
288602
288609
288646
288694
288698
288821
288857
288858
288859
288894
288904
289010
289035
289036
289039
289095
289097
289135
289185
289196
289266
289326
289340
289437
289509
289536
289539
289558
289611
289635
289638
289643
289649
289674
289686
289739
289743
289782
289801
289851
289866
289869
289904
289911
289915
289937
289951
289953
289966
290009
290013
290093
290140
290170
290174
290176
290178
290181
290182
290185
290188
290189
290195
290196
290200
290201
290231
290383
290385
290392
290400
290548
290577
290579
290581
290588
290601
290607
290692
290711
290713
290741
290782
290859
291003
291042
291061
291170
291195
291322
291526
291528
291530
291532
291588
291605
291679
291717
291727
291728
291730
291739
291743
291753
291786
291797
291813
291870
291918
292026
292047
292055
292085
292106
292117
292183
292243
292303
292365
292397
292467
292618
292711
292738
292759
292807
292812
292830
292845
292848
292860
292866
292878
292882
292884
292889
292897
292918
292930
292937
292965
292980
293013
293105
293125
293297
293300
293307
293329
293374
293375
293388
293402
293415
293474
293481
293505
293525
293570
293572
293578
293607
293612
293664
293667
293683
293690
293698
293754
293924
293976
293988
293992
294001
294004
294023
294027
294046
294048
294053
294081
294115
294117
294159
294262
294316
294334
294389
294465
294472
294478
294487
294488
294625
294687
294747
294748
294757
294773
294779
294783
294784
294786
294822
294834
294896
294897
295038
295186
295199
295214
295221
295241
295287
295293
295432
295470
295518
295597
295616
295676
295716
295848
295850
296014
296068
296087
296120
296150
296197
296276
296290
296299
296360
296402
296423
296434
296448
296453
296563
296593
296687
296747
296829
296830
296831
296832
296833
296834
296835
296836
296837
296838
296839
296840
296841
296842
296843
296844
296845
296846
296847
296848
296849
296850
296851
296852
296853
296854
296855
296856
296857
296858
296859
296860
296861
296862
296863
296864
296865
296866
296867
296868
296869
296870
296871
296872
296873
296874
296875
296876
296877
296878
296879
296880
296881
296882
296883
296884
296885
296886
296887
296888
296889
296890
296891
296892
296893
296894
296895
296896
296897
296898
296899
296900
296901
296902
296903
296904
296905
296906
296907
296908
296909
296910
296911
296912
296913
296938
296942
297061
297111
297131
297196
297213
297229
297280
297361
297368
297586
297595
297650
297652
297673
297703
297721
297752
297757
297763
297771
297805
297855
297958
298001
298038
298133
298191
298197
298204
298206
298223
298264
298296
298315
298319
298356
298392
298417
298424
298427
298510
298548
298559
298584
298606
298668
298669
298692
298694
298740
298741
298742
298743
298744
298745
298746
298747
298748
298749
298750
298751
298752
298753
298754
298755
298756
298757
298758
298759
298760
298761
298762
298763
298764
298765
298766
298767
298768
298769
298770
298771
298772
298773
298774
298775
298776
298777
298778
298779
298780
298781
298782
298783
298784
298785
298786
298787
298788
298789
298790
298791
298792
298793
298794
298795
298796
298797
298798
298799
298800
298801
298802
298803
298804
298805
298806
298807
298808
298809
298810
298811
298812
298813
298814
298815
298816
298817
298818
298819
298820
298821
298822
298823
298824
298825
298826
298827
298828
298845
298855
298863
298902
298905
298924
298963
298984
298988
298993
299172
299201
299203
299231
299259
299354
299374
299413
299494
299610
299620
299724
299775
299820
299846
299848
299872
299891
299892
299908
299913
299917
299929
299971
300004
300006
300050
300098
300140
300145
300286
300288
300352
300450
300451
300470
300473
300588
300637
300701
300736
300750
300760
300773
300779
300799
300806
300848
300886
300892
300919
300920
300922
300983
301088
301145
301147
301197
301211
301260
301340
301390
301391
301414
301434
301438
301443
301450
301453
301461
301495
301499
301511
301560
301591
301608
301629
301633
301654
301658
301675
301715
301716
301721
301741
301773
301775
301793
301794
301927
301987
302098
302303
302385
302425
302469
302484
302490
302520
302615
302667
302682
302788
302830
302837
302877
302888
302889
302957
302961
302966
302980
302994
303017
303036
303063
303092
303094
303105
303109
303127
303140
303178
303185
303220
303306
303370
303386
303395
303410
303417
303477
303508
303591
303654
303741
303758
303827
303830
303867
303920
304057
304092
304165
304169
304171
304192
304278
304294
304404
304424
304448
304450
304552
304807
304858
304887
304899
304921
304926
305170
305178
305179
305211
305217
305219
305231
305248
305272
305354
305379
305381
305391
305395
305420
305431
305433
305437
305446
305474
305482
305567
305614
305673
305741
305755
305871
305946
305950
305973
306065
306066
306143
306174
306283
306347
306358
306402
306445
306501
306554
306616
306689
306697
306708
306722
306729
306743
306756
306851
306853
306875
306891
306897
306942
306962
306996
307001
307002
307023
307079
307087
307115
307149
307162
307187
307207
307250
307318
307353
307385
307409
307418
307435
307471
307536
307554
307571
307578
307650
307661
307708
307727
307811
307827
307889
307920
308053
308056
308072
308092
308099
308136
308191
308219
308268
308292
308299
308377
308467
308513
308520
308567
308671
308703
308775
308780
308880
308915
309141
309143
309154
309197
309263
309449
309471
309484
309592
309659
309707
309748
309836
309861
309877
309879
309969
309991
309993
309998
310043
310069
310088
310177
310197
310219
310251
310261
310270
310289
310297
310326
310332
310359
310377
310415
310440
310462
310480
310486
310488
310490
310569
310622
310640
310641
310673
310715
310732
310817
310848
310870
310984
311056
311164
311219
311289
311336
311418
311483
311510
311521
311530
311550
311633
311653
311698
311749
311781
311791
311795
311818
311824
